524288000S
0 0
2846 1
-2846 -1
2247 1
2247 1
2247 1
-6741 -3
2747 1
2747 1
-5494 -2
2651 1
-2651 -1
2700 1
-2700 -1
2399 1
-2399 -1
2843 1
2843 1
-5686 -2
2488 1
-2488 -1
2229 1
-2229 -1
2259 1
-2259 -1
2422 1
-2422 -1
2332 1
2332 1
2322 1
-6986 -3
2407 1
-2407 -1
2387 1
2387 1
-4774 -2
2392 1
2392 1
2392 1
-7176 -3
2766 1
-2766 -1
2239 1
-2239 -1
2360 1
2653 1
2653 1
2653 1
-10319 -4
2853 1
-2853 -1
2857 1
2857 1
-5714 -2
2878 1
-2878 -1
2798 1
-2798 -1
2382 1
-2382 -1
4027 1
-4027 -1
3231 1
-3231 -1
2513 1
-2513 -1
2498 1
-2498 -1
4948 1
2758 1
2282 1
-9988 -3
4762 1
4765 1
-9527 -2
2226 1
-2226 -1
6043 1
-6043 -1
2487 1
2487 1
-4974 -2
2352 1
2352 1
2352 1
-7056 -3
2280 1
-2280 -1
2712 1
-2712 -1
2241 1
2355 1
-4596 -2
2691 1
-2691 -1
2250 1
-2250 -1
7259 1
-7259 -1
2497 1
-2497 -1
2338 1
-2338 -1
2640 1
-2640 -1
2956 1
2956 1
2956 1
2764 1
2764 1
2764 1
-17160 -6
2262 1
2262 1
-4524 -2
2359 1
-2359 -1
2350 1
-2350 -1
2469 1
2469 1
-4938 -2
2977 1
2977 1
-5954 -2
2408 1
-2408 -1
2252 1
-2252 -1
3173 1
3173 1
-6346 -2
2529 1
-2529 -1
2224 1
-2224 -1
6854 1
6854 1
-13708 -2
2440 1
-2440 -1
2658 1
-2658 -1
2488 1
2488 1
2488 1
-7464 -3
2212 1
2212 1
-4424 -2
2344 1
2344 1
-4688 -2
2727 1
-2727 -1
4548 1
-4548 -1
2592 1
2628 1
-5220 -2
2677 1
-2677 -1
2728 1
-2728 -1
2317 1
2317 1
-4634 -2
2923 1
-2923 -1
3170 1
3170 1
-6340 -2
2302 1
2516 1
-4818 -2
2807 1
2807 1
-5614 -2
2395 1
-2395 -1
2753 1
-2753 -1
2501 1
-2501 -1
4049 1
-4049 -1
2922 1
-2922 -1
2582 1
-2582 -1
2255 1
-2255 -1
2243 1
-2243 -1
3039 1
-3039 -1
2446 1
2446 1
-4892 -2
4867 1
4867 1
4867 1
-14601 -3
2607 1
2607 1
-5214 -2
7809 1
-7809 -1
2410 1
2862 1
-5272 -2
3324 1
-3324 -1
2635 1
-2635 -1
2266 1
-2266 -1
2503 1
3399 1
-5902 -2
2587 1
-2587 -1
2289 1
-2289 -1
3012 1
-3012 -1
2680 1
-2680 -1
2509 1
-2509 -1
2608 1
-2608 -1
2549 1
-2549 -1
2418 1
2423 1
-4841 -2
2543 1
2548 1
2553 1
-7644 -3
