524288000S
10333 1
46399 1
-47024 -1
47333 1
-47971 -1
44216 1
-44813 -1
47353 1
-47991 -1
42413 1
-42986 -1
42576 1
-43151 -1
42440 1
-43013 -1
33673 1
-33673 -1
66423 1
-66423 -1
47454 1
-47454 -1
72398 1
-72398 -1
80325 1
-80325 -1
80326 1
-80326 -1
80316 1
-80316 -1
80316 1
-80316 -1
80324 1
-80324 -1
80317 1
-80317 -1
80323 1
-80323 -1
80321 1
-80321 -1
80310 1
-80310 -1
80315 1
-80315 -1
80309 1
-80309 -1
80308 1
-80308 -1
80166 1
-80166 -1
80166 1
-80166 -1
80168 1
-80168 -1
70510 1
-70510 -1
80167 1
-80167 -1
31177 1
-31177 -1
31177 1
-31177 -1
80165 1
-80165 -1
80165 1
-80165 -1
